uuid: 76358bf9-3b43-3dc4-8973-29de4d314d33
timestamps:
  login: 1623839604887
  logout: 1623839771949
ipAddress: 27.33.103.250
lastlocation:
  world: world
  x: -247.69580032434644
  y: 96.0
  z: 511.9277196703016
  yaw: 193.65279
  pitch: 33.74998
homes:
  home1:
    world: DIM-19
    x: 0.30000001192092896
    y: 4.0
    z: 3.638692170970446
    yaw: 153.44928
    pitch: 20.999992
  home2:
    world: world
    x: -254.05871343770002
    y: 99.0
    z: 538.3569930930743
    yaw: -184.04787
    pitch: 19.80001
logoutlocation:
  world: world
  x: -247.69580032434644
  y: 96.0
  z: 511.9277196703016
  yaw: 194.10277
  pitch: 31.949982
