uuid: ad157eb1-ec80-31f0-a582-12f554360208
timestamps:
  login: 1625670567698
  logout: 1625675925774
  lastteleport: 1625414406554
ipAddress: 103.139.105.154
afk: false
lastlocation:
  world: world
  x: -128.0
  y: 65.0
  z: 252.0
  yaw: 0.0
  pitch: 0.0
logoutlocation:
  world: flat
  x: 637.861547575639
  y: 4.0
  z: -159.13376103305754
  yaw: 107.82981
  pitch: 2.549892
homes:
  ziyuan:
    world: world
    x: -2798.4543869274507
    y: 22.0
    z: 309.56456264900373
    yaw: 311.26318
    pitch: 69.30013
  jitan:
    world: world
    x: -1907.2658527804633
    y: 88.0
    z: 211.88989310741715
    yaw: 22.808105
    pitch: 57.899982
  jia:
    world: flat
    x: 647.8403253808727
    y: 5.0
    z: -145.6755830235353
    yaw: 52.055176
    pitch: 24.899742
