uuid: 3f7c42c7-2706-38fc-82be-3494f82c1067
timestamps:
  login: 1649235910327
  logout: 1649235933079
  lastteleport: 1623941196398
ipAddress: 122.104.224.34
lastlocation:
  world: world
  x: -191.5
  y: 67.0
  z: 212.5
  yaw: 0.0
  pitch: 0.0
logoutlocation:
  world: plotworld
  x: -4.710996730671311
  y: 69.0
  z: 6.8615505314685885
  yaw: 352.6503
  pitch: 16.499998
afk: false
