uuid: d0581ae5-2e35-3310-885a-0a9963bfe6ad
timestamps:
  login: 1624169013233
  lastteleport: 1624169291022
  logout: 1624173075239
ipAddress: 221.0.22.102
lastlocation:
  world: world
  x: -125.30000001192093
  y: 63.20000004768372
  z: 253.660818451372
  yaw: 105.39191
  pitch: 44.74867
afk: false
powertools: {}
logoutlocation:
  world: flat
  x: 661.6917528172061
  y: 10.624085464619595
  z: -201.9211158791016
  yaw: 279.29956
  pitch: 39.1371
