uuid: 333061f8-a3d2-3630-9a5f-1acb8f8c1c8c
timestamps:
  login: 1623839102680
  logout: 1623839401737
ipAddress: 122.199.63.106
lastlocation:
  world: world
  x: -253.97580006503438
  y: 99.0
  z: 540.9339993104743
  yaw: -184.04787
  pitch: 19.80001
logoutlocation:
  world: world
  x: -128.5
  y: 65.0
  z: 252.5
  yaw: -108.149994
  pitch: -16.799997
